resnet-50-keras 2 1 1 179.516000 199.214844
resnet-50-keras 2 1 2 295.491000 199.414062
resnet-50-keras 2 1 3 396.130000 199.550781
resnet-50-keras 2 1 4 508.280000 199.773438
resnet-50-keras 2 2 1 280.860000 198.324219
resnet-50-keras 2 2 2 490.652000 199.855469
resnet-50-keras 2 2 3 690.732000 199.925781
resnet-50-keras 2 2 4 970.246000 199.218750
resnet-50-keras 2 3 1 437.700000 199.062500
resnet-50-keras 2 3 2 852.822000 199.585938
resnet-50-keras 2 3 3 1301.488000 200.070312
resnet-50-keras 2 3 4 1780.874000 200.660156
resnet-50-keras 2 4 1 631.870000 198.726562
resnet-50-keras 2 4 2 1256.461000 199.660156
resnet-50-keras 2 4 3 1858.511000 200.523438
resnet-50-keras 2 4 4 2240.387000 199.269531
resnet-50-keras 4 1 1 147.408000 200.011719
resnet-50-keras 4 1 2 237.866000 199.726562
resnet-50-keras 4 1 3 297.025000 200.183594
resnet-50-keras 4 1 4 353.208000 200.457031
resnet-50-keras 4 2 1 214.491000 200.171875
resnet-50-keras 4 2 2 305.456000 200.621094
resnet-50-keras 4 2 3 443.201000 200.210938
resnet-50-keras 4 2 4 532.862000 200.886719
resnet-50-keras 4 3 1 256.933000 200.019531
resnet-50-keras 4 3 2 435.174000 200.519531
resnet-50-keras 4 3 3 590.148000 200.511719
resnet-50-keras 4 3 4 775.929000 200.937500
resnet-50-keras 4 4 1 300.181000 199.773438
resnet-50-keras 4 4 2 534.884000 200.523438
resnet-50-keras 4 4 3 749.094000 200.230469
resnet-50-keras 4 4 4 1300.288000 200.558594
resnet-50-keras 6 1 1 128.758000 200.843750
resnet-50-keras 6 1 2 185.641000 202.062500
resnet-50-keras 6 1 3 243.338000 201.812500
resnet-50-keras 6 1 4 315.926000 201.914062
resnet-50-keras 6 2 1 163.432000 201.421875
resnet-50-keras 6 2 2 264.390000 201.921875
resnet-50-keras 6 2 3 371.711000 201.562500
resnet-50-keras 6 2 4 423.216000 201.656250
resnet-50-keras 6 3 1 214.347000 201.093750
resnet-50-keras 6 3 2 317.812000 202.167969
resnet-50-keras 6 3 3 440.191000 202.082031
resnet-50-keras 6 3 4 576.917000 202.968750
resnet-50-keras 6 4 1 240.731000 201.140625
resnet-50-keras 6 4 2 403.682000 202.156250
resnet-50-keras 6 4 3 567.480000 202.292969
resnet-50-keras 6 4 4 720.726000 202.546875
resnet-50-keras 8 1 1 130.141000 202.003906
resnet-50-keras 8 1 2 184.076000 201.968750
resnet-50-keras 8 1 3 262.744000 202.535156
resnet-50-keras 8 1 4 273.884000 202.910156
resnet-50-keras 8 2 1 158.657000 202.511719
resnet-50-keras 8 2 2 242.341000 202.445312
resnet-50-keras 8 2 3 308.025000 203.109375
resnet-50-keras 8 2 4 361.633000 202.847656
resnet-50-keras 8 3 1 194.891000 202.039062
resnet-50-keras 8 3 2 313.166000 202.699219
resnet-50-keras 8 3 3 406.080000 202.667969
resnet-50-keras 8 3 4 492.001000 203.281250
resnet-50-keras 8 4 1 225.671000 200.894531
resnet-50-keras 8 4 2 368.364000 202.488281
resnet-50-keras 8 4 3 492.437000 203.425781
resnet-50-keras 8 4 4 633.894000 203.972656
